START_DTE,END_DTE,Annual births,Annual deaths,Natural increase,Immigrants,Emigrants,Net migration,Population change,Population
01/01/1990,31/12/1990,51.9,32.8,19.1,33.3,56.3,-22.9,-3.7,3505.8
01/01/1991,31/12/1991,53.1,31.1,22,33.3,35.3,-2,19.9,3525.7
01/01/1992,31/12/1992,52.8,31.4,21.4,40.7,33.4,7.4,28.8,3554.5
01/01/1993,31/12/1993,50.4,30.4,20,34.7,35.1,-0.4,19.6,3574.1
01/01/1994,31/12/1994,49.1,32.6,16.6,30.1,34.8,-4.7,11.8,3585.9
01/01/1995,31/12/1995,48.4,31.2,17.2,31.2,33.1,-1.9,15.4,3601.3
01/01/1996,31/12/1996,48.8,32,16.7,39.2,31.2,8,24.8,3626.1
01/01/1997,31/12/1997,50.7,31.7,19,44.5,25.3,19.2,38.2,3664.3
01/01/1998,31/12/1998,52.7,31.2,21.5,46,28.6,17.4,38.8,3703.1
01/01/1999,31/12/1999,53.7,32.4,21.2,48.9,31.5,17.3,38.5,3741.6
01/01/2000,31/12/2000,54,32.1,21.8,52.6,26.6,26,47.9,3789.5
01/01/2001,31/12/2001,55.1,30.2,24.8,59,26.2,32.8,57.7,3847.2
01/01/2002,31/12/2002,58.1,29.3,28.8,66.9,25.6,41.3,70,3917.2
01/01/2003,31/12/2003,60.8,28.9,31.9,60,29.3,30.7,62.6,3979.9
01/01/2004,31/12/2004,62,28.6,33.3,58.5,26.5,32,65.3,4045.2
01/01/2005,31/12/2005,61.4,27.9,33.5,84.6,29.4,55.1,88.6,4133.8
01/01/2006,31/12/2006,61.2,27,34.2,107.8,36,71.8,106,4232.9
01/01/2007,31/12/2007,66.6,28.4,38.2,151.1,46.3,104.8,142.9,4375.8
01/01/2008,31/12/2008,73,28,44.9,113.5,49.2,64.3,109.2,4485.1
01/01/2009,31/12/2009,75.3,28.6,46.7,73.7,72,1.6,48.3,4533.4
01/01/2010,31/12/2010,77.2,28.4,48.8,41.8,69.2,-27.5,21.4,4554.8
01/01/2011,31/12/2011,75.1,27.7,47.5,53.3,80.6,-27.4,20.1,4574.9
01/01/2012,31/12/2012,73.2,28.7,44.5,57.3,83,-25.7,18.8,4593.7
01/01/2013,31/12/2013,69.4,29.8,39.6,62.7,81.3,-18.7,21,4614.7
01/01/2014,31/12/2014,68.4,29.2,39.2,66.5,75,-8.5,30.8,4645.4
01/01/2015,31/12/2015,66.4,29.9,36.5,75.9,70,5.9,42.3,4687.8
01/01/2016,31/12/2016,65.4,29.8,35.6,82.3,66.2,16.2,51.8,4739.6
01/01/2017,31/12/2017,63.9,30.8,33.1,84.6,64.8,19.8,52.9,4792.5
01/01/2018,31/12/2018,61.2,30.7,30.5,90.3,56.3,34,64.5,4857
01/01/2019,31/12/2019,60,30.5,28,95,50,45,73,5000
